380438264
444555331
213556289
3200877
263016345
43518300
85596059
141316147
74156096
417885823
56277890
435387666
107653402
149714360
56015422
392091056
177645241
199615416
327271175
64153020
398940523
215176805
7679786
200849405
79335253
353546201
544298
321699280
37252012
267512401
55059080
339139991
427280949
380174164
203070257
421110507
230137901
393812467
276083535
219938667
274095005
158114114
16141182
66028046
16404654
30481179
50470105
320181924
258233143
356442901
27994679
142217174
67303314
180656825
312940506
366698657
388829185
318487796
476582247
192407578
395655577
40671581
59837289
301056125
459795233
389058640
414644816
47433828
316600935
82593611
388854772
339843542
111097069
143695117
335609135
431901051
56137820
34459402
429983480
431110694
495622376
158774340
332711166
36539172
164169794
133582913
45131411
37524624
419395597
396783717
434855093
466160385
100249699
186901688
398749392
191691195
209577058
90266022
204827800
94508771
17655423
483879328
413546970
41507222
120832233
52599941
141781835
443178494
492408431
79121713
170202872
343448274
312092493
333524672
77192895
187572021
369645877
120084378
476905007
93296515
247193395
290445939
471508208
267314211
47609257
389402260
347208309
224255923
360342712
453683147
71267934
376687571
445646884
331980026
344604944
87429549
185410957
259797412
71515152
44332419
180239507
433825596
121404520
236798938
169739049
82613424
425031055
290103974
469175321
461239565
295994045
369494305
452392482
104525431
45189620
402322368
54312139
477381850
42002497
416743208
406043715
390869771
120342968
115020063
334430185
26614360
269432341
211320822
363979963
289275113
284224023
315428418
210825444
116295602
312511170
323941230
449315202
367089750
456681090
267977915
282405921
168590590
227058258
334761868
176221126
444064179
328286975
7032846
477765884
62087873
175374855
368294790
127861805
308298836
566638
243249345
273127034
69910014
61732202
349421419
484245930
439504672
152719535
232039505
294634672
278764082
117743658
339802287
430127013
495758895
348849532
283858545
284985325
334794450
95840491
174101097
342335435
140054901
218625327
276896083
312877732
179543970
428162972
81605345
297545513
473863281
123894108
75389679
326806269
478064599
1193047
161612667
208202289
330258715
231535302
359777324
128286619
8948994
497785990
358536275
490027575
106934326
275268086
1445256
260564115
343160888
351142753
276058491
116343340
417818162
358343972
117748496
402497218
310679815
100369637
174435769
91063883
436564340
435214834
285097347
199306712
467643664
407302926
189607813
87178101
498805802
117449056
239266431
333077154
155521555
283600170
493470594
202253467
494269693
485805219
59789523
93037700
472414178
56908920
328153857
489509819
102368536
427734459
142658313
112481910
213150378
98735801
5143153
344713608
322856034
208724640
131309845
40279242
391410381
207338245
410609689
226214953
370189598
386633315
241106217
384073296
63154063
69434810
371162201
184577737
247781030
15243739
89838857
274887307
318145828
200242241
122880894
240708202
265962642
264386461
281915416
255926746
497474002
408709479
99106468
421504397
170189336
412999414
235073627
219610489
268563396
351038282
282966730
345090836
215653
323769790
106240725
13562588
238357955
381532680
192680770
166647966
396818228
354863008
366243321
146685870
50148999
245828021
488032580
426665918
375699853
392770169
130532050
61621929
429870586
171196208
429106605
285956566
141551634
389882728
414733975
30634605
140254383
456537902
364282286
268889132
439520780
148835012
402974233
274053689
278468374
180724438
289437282
349865389
371192643
466190076
437556614
75030231
47671983
55642767
69547815
407924875
234834048
479843283
166064462
413713231
137126120
318173433
41330486
275329670
127594958
295117250
273448891
254698062
288762654
12789595
311926482
315474755
415394561
438549743
267994061
41482402
463945779
355501320
343058528
371307181
56128120
390216506
298093109
450794235
87193036
382309637
254961110
49976974
415786968
479572703
260418238
46218925
343114574
23370602
214329869
896489
322504519
355443696
4346282
77156498
48436980
114234921
27164706
65156551
308278294
209263492
12410195
224832942
247022532
235853947
47491853
269562359
84724300
170376712
328423719
332812019
341545777
389428599
320164493
431447390
353714892
486748580
193078215
217633434
245528381
366736414
359151566
377802384
87359619
214575839
332799126
378319213
77002976
31157620
66042566
209826775
214675311
262365510
425353874
230574154
235855400
410081020
499163973
399606689
291321952
102412496
279256064
78047525
383823445
83251037
409010578
466768565
314527541
261132635
333948284
20334450
245517103
8144884
393134884
7879045
297339669
193630613
117544261
348331631
404200455
468934157
304357484
418182700
438226418
355122316
474840460
41875049
446218477
437824224
417561499
161026564
403395720
484736123
2418675
32602496
164380319
226913570
393994045
286135388
267684769
456724142
397781920
10243452
52793991
335703758
70917500
228816830
76832276
366425990
129514055
25771022
481691141
22782574
118588281
164433685
9258797
1336523
331092998
114043704
199896318
246701946
192479328
28827546
451482301
95994485
57984368
143204166
429144880
390703086
388232137
136590891
347715090
74751442
176439492
25821967
423372761
430217050
63072148
209980400
340159697
28828385
11560458
289685539
257931994
465139383
296195883
241144975
92150596
141465540
294869780
42167053
121557174
376906345
299410765
70239756
25428566
65590603
256664616
280360760
387034056
360044636
250485344
8637149
391886106
426518868
171344349
142862079
442284257
296731711
474077224
13561794
479057298
405241312
487033105
415580413
304726750
345661288
364967243
302868017
286088128
225763253
84686382
478999433
469370784
81680559
207695405
226519274
310250962
371891820
155652017
425815763
401522000
334328860
162680867
338798372
136077243
311038268
112002894
354550655
182984804
311030677
393577822
156413115
237015950
287790028
186440097
495763511
333651583
324977070
205031248
329637965
230182839
85467854
219444845
147736244
202400070
55728508
357286122
456089771
21170295
4284700
207598176
123460284
236697879
72276044
472143537
204303220
329407681
257016216
137726669
57248418
182300557
200107442
187372149
142910186
111944807
242590624
189823146
333003104
298142642
291291010
319072298
454321724
353712275
233849147
317804172
362928408
151003660
388882351
454567127
268744293
210601838
393238700
279369825
141796879
305146591
494685322
52374610
493124515
28000557
335160486
204607976
330575294
238792799
297705215
68303760
193862382
132422065
156035538
22913916
206581091
248060056
87093638
418565
341157281
287091320
308401406
449042212
27036968
432474707
248556503
486392706
248489696
444384992
32177326
382245767
67062424
491466760
301813964
454870084
331949501
196090475
430022384
334733733
286594335
71365002
417533187
114254534
425189104
372832240
222972121
473520589
491780424
262004382
111584423
398554264
206678740
494399886
402099302
499882309
51011914
142218084
468742958
331196659
86593086
365893331
163991863
35229365
50572897
120990798
284524184
263959871
145000930
405428398
464535384
332505450
222939774
490892738
426279923
156335941
465607274
88739298
262810272
393485230
212575151
330789032
3942331
392027409
102153297
83642430
61062216
221779195
299080090
89570417
238414349
24723072
440814518
305198359
378676354
343431903
5044146
209799893
166599768
80790788
211046494
423950306
189221586
18182961
115436945
77718263
235718751
286780962
252559875
39977067
264403634
19518340
14803329
439568373
207538705
361024016
329465453
55516490
266544064
130333327
243010271
138759402
105372710
18223643
275409328
231348136
364326598
25561971
360202980
246256546
274476322
51401467
360540383
246112899
182184367
443498273
134251665
131165921
146493457
222979463
227765947
77861902
368939600
285621201
408965027
106618118
413601595
129493737
361208933
39982606
357399445
244737261
371699513
57292134
461283700
390636121
277047487
60570765
474245400
337528737
119489248
146197724
399184280
354424852
400228332
422947395
285313701
661013
390634701
139781775
101986849
65386947
435863531
309049521
152558883
136203470
253668936
98882954
264727570
166079681
286550959
426902654
61820029
364435959
329962483
187593668
310902154
248886673
32511311
51871332
275037707
431723132
325495945
360778544
42300232
185016306
407574714
143864317
283843154
86792715
333435922
345010183
110792644
263612882
407502657
85506835
483506314
23801341
25368943
253429603
441154265
438755498
383393841
439211263
437427311
312154398
209849426
264548366
90092229
83151973
152333742
136210565
3276345
380431649
69782256
446746416
144342053
358415121
420564977
101749373
135916168
451528724
75312216
36036368
155641433
454442656
303415220
4403767
38606142
78371732
217390348
334444948
192837245
199440101
161496290
18167309
65533579
58389433
94403039
78992865
323963833
154860642
419947470
479501008
246266519
437826258
107066999
194857061
162930620
226410037
291078075
277864543
280873452
15997770
264913633
184255617
451727453
249273810
69369794
357268538
13428822
124211072
184418866
293140617
130561190
476730810
358162854
56119101
331683345
28115331
412329251
420958619
464040392
5693742
418710838
87402278
450290426
479289675
474628395
395765672
397513248
248709022
441293760
455458693
82872481
134983803
496263192
161809829
215166392
113662194
208873114
13526509
450942799
199084300
13579576
26432707
16499378
410971396
331595735
365517450
86894749
199629259
45941668
352485071
305353457
80741749
279370412
441495652
185419440
486154795
8371448
371748777
208184436
180617943
119185789
284188114
265698942
311210526
443180166
264461074
22610755
315719004
334739729
346107255
15818328
40435707
76537686
338533813
97335276
87068979
