398282532
953685501
713556293
577454348
451057175
543518304
172105197
701864495
693357773
417885823
684782777
946211083
64989356
395841344
93751503
523158707
177645241
908443419
827271179
272981020
887519479
715176809
216507786
659573713
81051583
353546201
527706046
507232391
131212615
876559556
263887080
474160562
136108945
89002160
813812609
45662506
778374520
102640463
343405176
201714095
482923005
827218379
100638067
774856049
230948886
11743091
50470105
985597912
367988734
65270897
503920578
785066725
601354131
240407935
521768506
957476693
681831723
466603845
73706335
367363539
20692778
76527739
559837293
301056125
632911566
70034573
414644816
141152065
25428931
791421614
942129577
993477980
643644809
703771922
463499278
934330682
56137820
91242613
138811476
875996246
92889669
667619422
955834582
245367172
164169794
256912763
579818148
37524624
537280785
161753554
143683089
174988381
199371126
293177826
398749392
801982817
889108571
256405120
713975510
768534283
537689310
595422655
612683866
628033890
620832237
622714867
850609838
30993876
201236427
693143780
670202876
817096478
812092497
143523425
577192899
896400024
933653201
120084378
67836076
98284529
270340510
272539662
610184827
382206761
218624998
889402264
995229324
270099045
69170708
64326905
85741061
632874502
480459118
975894534
976100670
87429549
763210806
448129202
690019950
110917977
889067510
933825600
271398020
464235235
169739049
530851127
165011659
498931974
980119200
168103450
488303150
546395201
117287619
709775993
182639881
945574170
162341071
477381850
542002501
393914956
591659369
904254984
214615975
115020063
881640536
735442363
202600501
230297632
89100665
965830062
321236096
492625748
815577389
298061593
380661607
508983606
631920341
921935743
378869588
267977915
782405925
377418590
674676775
988846454
779770103
944064183
968486170
137138988
572127347
524330766
812986430
396715505
306945960
771656056
618731037
243249345
981955037
144507661
681099872
349421419
86204985
77102230
718475728
797235098
915484734
487592082
148798809
839802291
568878801
682256302
50198462
867921782
796849282
834794454
107996906
335665523
551163435
747027345
813311553
497406398
312877732
702976062
997821493
151849852
916763608
973863285
288474303
594035001
936181180
428060635
133803123
161612667
746436348
313087716
373208381
987032556
358950813
123060781
714605663
375696020
605253850
581505523
387689831
210273256
260564115
491406857
461050780
868406986
321897581
997005823
956392092
532735707
947657634
19507811
766452203
783152082
799891886
49367823
688705288
951369826
908134715
176471660
25421365
831197982
587178105
998805806
703390013
352315292
419942758
301636279
404408133
584975835
202253467
662517355
548190765
81615359
172209146
972414182
197688825
862625389
216264759
770625524
112029816
642658317
149160861
921978381
183481940
759646590
871284657
828090595
293705400
870823390
785628522
932343000
206359706
414231967
671722237
913100194
595461315
298116831
815833486
271982063
298516037
556301311
232230845
779527959
515243743
89838857
327639746
922910797
732227512
226838102
625453323
265962642
953194828
923390869
446057585
662720097
117537475
111103871
921504401
790136575
912999418
827532854
719610493
768563400
55078705
970096695
465281595
699012362
488007495
188083842
661531568
837303076
907158817
814709860
166647966
896818232
901088172
366243321
230882602
770210165
330323853
119008557
135493914
84527849
499585555
899242283
117146851
625989137
334065540
239815367
491791945
204783480
598710728
900588811
62098319
849082386
144733984
364282286
480710589
39497506
648835016
902974237
577741546
779815905
400941898
575162406
571355430
371192643
506132828
47654189
783858234
105368798
764470770
713656969
907924879
443662048
58369875
874892465
352954192
845954123
721667011
563252276
984157673
42780969
3945246
858713070
876211498
763733938
110303455
912265571
815474759
915394565
63867003
795569551
663417686
963945783
421286273
995388089
626009545
665888051
114357119
926064227
489848804
109334889
91137633
275302432
258804974
383208290
188400699
362595981
618709894
19619104
232198602
387512505
91770967
427006348
355443696
4346282
577156502
189409747
114234921
597907610
65156551
79885258
257208355
610660743
384967858
247022532
944681950
227950639
738499530
153496446
725071458
965537832
277956290
330902184
889428603
918587583
11946816
853714896
1396460
206040830
782129814
477317526
366736414
67979562
789747668
296020884
891448563
832799130
891961178
559047639
31157620
66042566
209826775
923503314
378573820
160538574
836114669
944683403
999484955
106804904
60794918
900302773
311240496
56790282
573326983
497625719
671753211
519831404
557974697
422825494
659430825
833948288
271220759
900784169
481218940
516491185
477199459
846450409
193630613
246144850
856826153
404200455
95893662
563919048
127010696
22436107
563950316
187373717
248945422
149084497
993797275
561308947
863730913
903395724
91162090
612316054
59286677
873208322
935741573
621093132
710420330
712363814
523450328
991161963
521917464
52793991
864898634
122925081
437644830
76832276
325534068
183832189
550176321
39553767
231610574
664191711
212064917
690309766
997776470
331092998
820198827
972046264
948894567
789983866
237655546
479751321
211485042
601393991
397733729
985529337
945623667
41833017
240285442
137097743
349725676
160289299
539478308
132200757
12068168
127953223
709980404
840159701
113207149
985992756
998513542
757931998
468370689
5023879
241144975
207201872
799382008
69200072
250995053
193445528
895494210
299410765
679097009
70201059
274418603
879131260
862193730
887034060
941771685
250485344
736725230
51019006
93866796
474924467
851690082
727519622
507434449
993166631
13561794
595400252
997848153
987033109
448872019
904360793
401204226
573795243
302868017
396783478
886293816
200020168
651414304
969370788
772381554
334902207
844412303
810250966
371891820
808520818
954174761
110349996
9043297
671812892
953609282
344905243
304145030
825330803
390811339
390415183
19858673
84624764
325226923
934772016
996618031
657128336
204591507
356557125
371170219
764338243
829637969
314359436
106456987
219444845
147736244
911228073
764556511
969805925
8758932
164427305
4284700
166489826
123460284
731865349
91930275
680971537
704303224
885792238
780342971
143248071
266076418
371265341
401499862
396200149
165406803
237045497
348953576
297721667
4917406
776034984
393231476
873993388
163149720
523887778
826915578
64309120
885189853
151003660
962745167
131600685
937209707
224123518
517469930
822990362
372368044
821501103
172926346
54248094
108301483
122705316
335160486
759007119
900157971
247713580
797705219
661200479
755144349
841250068
688262136
125705299
684070847
536742674
639717433
540370951
579836563
826936341
298354127
64627331
527036972
550038094
239497194
486392706
457317696
153212988
165356767
594062840
555757379
171947910
301813964
5346639
540777501
803516077
517295712
450954155
311938179
780193005
545796803
776177000
425189104
60680425
686950191
611804056
49321429
762004386
577779142
898554268
813362980
592067775
990420191
568369889
51011914
642218088
968742962
278899072
142437362
889335528
761311083
35229365
684580866
120990798
509994442
892611423
334780044
990635084
957678953
541333450
222939774
105176041
588184438
714730438
965607278
706531987
937929248
472434431
261573932
369676857
151557273
859418044
310981297
230435078
681692536
321152915
418670655
792757695
321989674
616410640
563917473
449185829
587504354
843431907
505044150
418627893
921761811
287078429
919874497
535515975
810058590
187014729
824264948
102194082
749567119
949263140
284111678
251290996
973231637
638547939
594543815
939568377
416366705
998791112
40509459
55516490
34617642
709927004
198702889
651060672
763221233
518223647
450793495
440176136
939827734
25561971
569030980
358453446
939710971
684732017
66165198
418064165
269635938
759691
596225362
131165921
355321457
453423719
801724428
649023102
311574914
982651066
520682307
817033252
622429595
338321737
570036933
248810606
954867946
244737261
688178070
266120134
648663638
523448028
985875490
451916172
683073400
337528737
49890290
32823176
108012276
919057673
992417726
422947395
783150671
500661017
562693545
348609775
226125437
219820619
943878709
17877517
152558883
635271348
214873173
307710954
704327737
675795135
495378959
669457128
800878119
73263955
829962487
799731436
912009333
957714676
586424559
242562361
829417305
565561039
455529114
544331005
751128235
393844306
973996855
852692320
363971745
565664069
491010001
394297102
819620647
472440882
616330657
794334838
5125777
116026897
143192611
413110278
947157975
393191491
442010381
950033900
7095901
312154398
845147578
857032590
235094648
630880479
152333742
723169351
568482226
572407920
594545221
146737255
644342057
480754699
118916424
101749373
257570381
160356720
781595561
78887055
764637937
121534586
402598761
195982971
696457226
266589032
727276723
543272948
106773372
976530845
765151511
726995312
159968573
192553568
803231042
604138449
943504231
154860642
604253516
174183069
246266519
467546644
734926293
716910679
262537932
726410041
452658102
897744715
370874274
562502285
973741636
893083620
23376410
862984596
242096460
357268538
132376346
333039072
780042404
256479990
796315485
169659075
66990850
108658735
963249304
210855174
121157247
41936783
666315010
956381502
376368127
778139077
506893596
643244342
671951805
990099836
164108283
425072221
89434576
574218820
698017759
633274649
77706841
247698770
215166392
55946731
208873114
38775103
450942799
370802581
116399890
26432707
725327381
661903531
39477920
12128956
795722752
814933436
630217520
466576594
545735990
678785952
735910903
540912408
685419444
986154799
8371448
604608552
802009828
680617947
116329960
457689491
337787904
421024907
120429214
350451999
782626605
24547000
914288777
434914177
602730566
220611197
134916688
391862398
801812040
244079368